296
1169
2609
1266
3513
4070
3440
786
2177
129
2794
158
2460
510
2407
997
2380
1696
1269
3830
3465
731
131
2811
471
117
96
1320
208
2027
1066
2648
1674
3096
2248
3773
3667
2757
3070
34
346
2914
1638
737
469
3784
3764
1484
726
4183
1516
339
2365
2361
4175
1383
1398
1863
671
2168
1794
3062
3788
3633
2708
247
594
136
2932
1033
3820
991
601
3728
2000
2840
991
1655
698
1013
1360
3451
2026
2240
509
1972
3745
3404
2227
3969
2092
1096
3044
3707
4123
1848
223
2318
2673
3761
2831
1836
4010
2883
459
376
3413
661
1881
925
1156
1811
1467
3694
1452
1243
179
139
1516
3591
3660
54
531
3662
3121
1846
3969
1671
2322
3794
2031
945
3990
3840
238
3912
3709
3024
310
535
1312
2808
383
1547
1146
3345
4056
4118
3307
3479
