65786    80367    80367    121      54916    54916    68422    22342    47573    65755    62046    87548    71489    80958    96452    67811    78538    100002   65686    18582    18582    146      56123    100002   65       66041    66041    65674    80258    100002   65770    26602    
39194    65700    68764    100002   203      58891    58891    65765    72211    100002   65679    69338    100002   65668    66921    66921    65543    70523    70523    196      60809    100002   65670    18054    44105    65665    64938    93710    205      97235    97235    43       
63483    100002   65662    73598    100002   65599    69302    100002   65687    73077    100002   65570    69111    100002   219      67714    100002   65714    74753    100002   65753    74902    100002   65628    70677    100002   65782    71538    100002   65628    71901    100002   
65650    52761    52761    65675    70283    100002   65572    76611    100002   65707    75397    100002   65670    62020    80334    65644    64165    100002   65748    76752    100002   65538    66595    100002   65623    70003    100002   65580    77754    100002   65608    74040    
100002   65698    76669    100002   65640    71796    71796    65658    77337    100002   65579    70251    70251    65606    63628    63628    65549    70505    100002   65675    81394    100002   65619    66105    100002   65654    72665    100002   65746    67173    100002   65541    
75194    100002   65563    54065    100002   65747    25299    25299    65696    72539    100002   65723    73863    100002   65656    21880    55488    65735    66123    100002   65700    64376    100002   65727    70300    100002   65710    74449    100002   65651    68477    100002   
65675    69712    100002   65674    84323    100002   200      28360    61978    69413    80782    100002   65614    62739    83388    65670    73289    100002   65583    68075    100002   65570    69316    100002   65760    71448    100002   68124    76177    100002   65711    59883    
100002   65612    60502    100002   65664    66929    66929    65569    58663    100002   65731    61931    100002   65536    68543    68543    65612    60008    100002   65780    60842    100002   65756    71421    100002   65668    68595    95931    65716    68010    68010    68372    
85270    85270    122      47497    47497    65536    76277    76277    65694    75548    100002   102      61199    61199    110      64753    100002   65721    47358    47358    19       59264    59264    156      60033    60033    65755    71559    71559    65559    56609    56609    
65563    65154    65154    65556    70696    100002   65766    78954    100002   65724    69784    100002   65647    61414    80462    65590    68951    100002   252      59089    72192    65740    70262    100002   65643    71621    100002   65769    93684    100002   65766    69879    
100002   65696    69277    100002   65658    71134    71134    65764    66284    100002   65694    70000    100002   65603    70513    70513    65769    66643    100002   65685    70101    100002   65756    72796    100002   65757    70805    100002   65779    78278    100002   65694    
72490    100002   65755    76783    100002   65748    73569    100002   65696    71046    100002   65636    84032    100002   65637    20069    37704    65760    74877    100002   65618    80296    100002   65786    77394    100002   65738    62842    100002   70663    87398    100002   
68837    76313    100002   65722    70556    100002   67700    78440    100002   65758    73082    100002   65591    64472    87047    69110    75728    100002   65949    83015    100002   65745    71814    100002   65609    80597    100002   65558    72844    100002   65726    76863    
91185    65686    78399    100002   65781    60819    100002   161      39186    64596    65559    71193    100002   65743    80843    80843    65572    21796    21796    65721    63411    100002   255      58810    100002   65782    63365    100002   65538    73264    100002   65770    
75708    75708    24       59364    59364    152      63185    63185    65791    74775    100002   225      57329    100002   143      57534    81605    3        60386    60386    65656    23160    23160    65769    40216    40216    65716    71902    100002   230      57214    57214    
65623    61414    100002   65753    72175    100002   65786    70080    100002   65569    71057    93380    65581    68258    100002   65722    68314    100002   65628    75194    100002   65611    64315    100002   65749    73652    100002   65696    77162    100002   65537    62830    
100002   65592    26936    26936    65548    76353    100002   65604    37442    80548    65655    69094    100002   65660    64607    64607    65783    61389    61389    65745    83938    100002   65642    59886    100002   65777    73204    73204    65552    74183    74183    2693     
64307    100002   65626    66142    100002   65696    62649    100002   65767    68534    100002   65631    68877    100002   160      60150    100002   65723    95096    100002   65616    69546    100002   65727    76704    100002   65601    66119    100002   72034    84760    100002   
254      39791    39791    34382    52554    52554    65593    75349    100002   65603    62946    87075    65707    71112    85476    66672    75684    75684    212      57606    57606    49       65871    65871    159      31842    31842    65655    71063    71063    124      59003    
73946    65540    70233    100002   30       35368    35368    58       57748    100002   65602    78939    100002   65698    71981    71981    105      63587    63587    65678    60984    60984    206      65260    100002   36       56387    56387    65725    65578    69833    100002   
65615    72902    100002   65628    71797    95220    65647    94776    100002   65727    68669    100002   65736    70477    100002   65670    72908    100002   65569    74419    100002   65587    79334    100002   65787    78951    100002   65656    64611    100002   65598    81877    
100002   65761    70046    100002   71886    80531    80531    73019    81074    100002   70440    80476    100002   65684    74655    100002   68846    76913    100002   65597    73037    100002   78138    75171    100002   68666    77096    100002   69248    78514    100002   65546    
81909    81909    69765    79573    100002   57       78553    100002   71494    80025    100002   65694    80779    100002   211      77043    100002   127      63671    63671    141      75546    75546    65695    75536    100002   65550    70524    100002   65738    27082    27082    
65731    72769    100002   66551    72533    100002   195      63361    100002   65557    69596    77914    65713    68784    100002   65572    66783    66783    133      7557     7557     129      59768    100002   65537    77992    77992    47       83044    83044    143      14223    
54883    65624    51648    51648    65605    71400    71400    160      61476    100002   65582    63413    63413    67162    82556    82556    61       57115    100002   198      62212    62212    202      62412    62412    65749    69465    100002   155      68797    68797    234      
32370    32370    156      61274    76430    132      59264    100002   65573    72121    100002   123      63833    100002   15       55346    55346    65568    67173    100002   147      53961    64706    153      59011    100002   65648    70877    92432    65687    71855    100002   
65776    71255    100002   65573    70173    89836    65699    68916    100002   65710    79669    100002   65547    68901    81993    65725    68642    100002   65604    76004    100002   78       68009    68009    65674    68124    100002   65561    67953    100002   65694    72472    
100002   186      61529    61529    181      69130    69130    226      59835    100002   65755    63331    63331    65588    72099    72099    211      63755    63755    209      55435    55435    232      8168     48718    65741    69735    69735    186      68306    68306    51       
63926    63926    113      59441    59441    243      58871    58871    65555    70544    100002   65737    82951    100002   235      68644    100002   65775    71178    71178    11       65111    88160    65577    71896    71896    200      51790    83662    95       59582    59582    
80       59891    59891    18       7954     7954     6        57630    100002   65694    69394    99636    65694    81326    100002   65741    71296    71296    206      8910     8910     155      60589    60589    65546    71707    100002   198      66353    66353    33       68251    
100002   65742    71273    100002   65537    73825    73825    65658    72293    100002   65624    81084    100002   65663    71799    71799    65631    73088    100002   72161    79864    100002   70619    78168    100002   65730    69782    100002   65591    87751    100002   65704    
64849    64849    243      56343    56343    98       54402    54402    65589    82505    100002   45782    41830    100002   244      53867    57225    24383    42671    42671    97       61428    100002   79       61138    61138    169      66930    66930    138      48662    53276    
146      58141    100002   65675    72650    100002   65643    78927    100002   65611    81077    100002   65567    74842    100002   65567    69722    100002   65633    70899    100002   65697    71215    100002   65672    70644    100002   65640    68064    100002   65638    70010    
100002   65537    51126    51126    175      57452    57452    85       56515    100002   65660    71182    71182    65728    76495    76495    84       57181    57181    63       52661    67857    64       56229    100002   195      62455    62455    252      66529    97161    37       
69201    100002   65618    76267    76267    12       59912    59912    65703    70955    100002   65707    80064    100002   84       59576    71227    65704    78422    92124    65684    62109    100002   65663    71689    100002   65755    63180    83020    65612    69272    100002   
65770    66602    66602    48       57170    57170    177      63825    100002   65782    88461    100002   65747    79600    100002   65641    71358    71358    90       63844    63844    44       39669    39669    65746    70821    70821    176      65607    65607    80       60551    
