15222    81341    100002   10267    73585    73585    21761    60791    100002   13674    79243    100002   12836    77802    93744    15046    84766    100002   19541    60527    86356    14517    79488    100002   12396    78106    78106    12164    77795    100002   27009    61838    
90055    11313    76096    100002   15049    79484    79484    15281    79725    100002   16896    81666    100002   11792    79399    79399    14956    78796    78796    13714    76170    100002   18232    60080    100002   14294    81360    100002   13131    78249    78249    14765    
85125    100002   15068    81328    100002   14162    78576    100002   13633    82152    100002   14303    83070    100002   2098     66161    85991    15004    81545    100002   14371    80491    100002   16282    84267    100002   14355    80944    100002   14418    81217    100002   
51118    59232    100002   11874    79080    100002   14522    79718    100002   15568    79498    100002   12195    81363    100002   13594    80107    100002   13203    79571    100002   12221    78202    100002   11608    77336    100002   12277    77174    100002   13125    81100    
100002   13471    80543    100002   14215    79155    79155    12895    80858    100002   14465    79993    79993    13205    79030    79030    11354    77179    100002   14877    80378    100002   14562    80022    100002   12801    81129    100002   15108    80388    100002   12606    
78058    100002   15687    82658    100002   25714    62315    62315    10638    78310    100002   14745    81167    100002   20992    63706    100002   13179    79236    100002   15469    82464    100002   14820    83823    100002   13530    77441    100002   13613    78548    100002   
11663    76742    100002   13003    77735    100002   28422    31909    72632    11752    80351    100002   12909    78164    99821    14358    95083    100002   11390    80115    100002   11884    76505    100002   11076    87246    100002   14098    81262    100002   13931    82724    
100002   12548    85823    100002   13044    80492    80492    13688    93975    100002   12808    82389    100002   7680     88911    88911    12665    92947    100002   13906    81800    100002   13865    93425    100002   14295    95474    100002   14695    93595    93595    12068    
78561    78561    12990    94931    94931    12228    77986    77986    11944    76517    100002   63425    62268    62268    12785    79798    100002   59786    62166    62166    14308    82030    82030    11337    80261    80261    11631    78396    78396    62350    60880    60880    
744      65549    65549    14689    81109    100002   12757    79560    100002   13116    78966    100002   13880    78724    97772    13136    78713    100002   6418     70266    70266    12821    79683    100002   14255    80573    100002   6544     71412    100002   12384    78575    
100002   14403    80247    100002   13032    78987    78987    12507    79517    100002   13706    80286    100002   14982    82700    82700    14668    83154    100002   12795    77827    100002   14484    83209    100002   11973    80330    100002   12739    79009    100002   14340    
82228    100002   3996     70739    100002   14772    81283    100002   12497    77175    100002   12860    78584    100002   21418    60743    100002   12447    78131    100002   14721    80890    100002   12995    77825    100002   15768    82284    100002   14354    78963    100002   
13758    79843    100002   12773    77370    100002   12600    77810    100002   3432     69237    100002   16640    82013    100002   12681    78910    100002   13477    78692    100002   12885    77754    100002   14276    80203    100002   13063    79602    100002   14147    84078    
100002   12582    81866    100002   13247    77853    100002   22139    58993    100002   13436    78860    100002   12510    79716    79716    22780    60377    60377    14838    76963    100002   14501    80700    100002   14245    80026    100002   12135    83473    100002   13727    
81299    81299    14476    81339    81339    12935    79807    79807    13085    81823    100002   59130    63429    100002   13131    77473    88447    12802    79841    79841    24970    61982    61982    25775    58528    58528    13681    79514    100002   13291    80293    80293    
13936    80426    100002   13982    81422    100002   13754    79134    100002   14733    79901    100002   14555    78880    100002   12405    76322    100002   10767    76980    100002   13499    79640    100002   15849    84945    100002   12117    80841    100002   13373    79660    
100002   29855    57541    100002   13504    78874    100002   26176    59155    100002   11737    77394    100002   13943    79142    79142    13768    79187    79187    11047    75080    100002   13092    78759    100002   12218    77547    77547    11087    75441    75441    11915    
77291    100002   14693    81311    100002   12282    77631    100002   12637    79157    100002   13654    80120    100002   14349    79048    100002   13892    81353    100002   14590    81845    100002   15326    79489    100002   15616    83511    100002   16128    82974    100002   
39258    39901    39901    14168    81465    81465    12180    80131    100002   14257    79203    100002   15308    80006    94656    14117    79711    79711    40053    57405    57405    13937    81048    81048    34321    60627    60627    11280    76912    76912    6934     72138    
94393    14149    79496    100002   36919    34197    34197    513      81632    100002   15681    83987    100002   13166    79462    79462    13957    82167    82167    13199    81044    81044    17408    83383    100002   44817    61013    61013    11701    76481    100002   5536     
81423    100002   14525    80406    100002   23572    55822    100002   14986    81508    100002   14224    79872    100002   12150    78213    100002   11789    79984    100002   14455    79849    100002   14907    79033    100002   14375    81993    100002   14225    79836    100002   
15005    80364    100002   13776    80866    100002   13115    79627    100002   15359    80303    100002   15330    80101    100002   14603    84301    100002   15273    81843    100002   10704    78662    100002   15023    80967    100002   12172    80394    100002   14018    80573    
100002   12638    77597    100002   55984    68392    100002   16384    82360    100002   13781    78726    100002   11558    76241    76241    31908    60406    60406    36901    60313    60313    14403    80250    100002   11791    82654    100002   15493    81572    81572    24238    
59049    59049    14341    81589    100002   46608    62938    94423    15942    81268    100002   7546     7485     7485     39812    59925    65249    7198     7264     7264     27078    60980    60980    49614    55450    55450    16640    83699    95474    14223    14122    14122    
 72246    14886    79400    100002   256      44948    59781    59781    16099    12909    82203    99627    13140    79165    100002   12913    81150    81150    13995    79458    100002   14640    61254    72846    13672    81045    100002   37519    61296    61296    15028    14856    
55226    13125    81468    81468    16004    59277    59277    14886    81626    100002   13533    79229    100002   13357    80291    100002   14548    81220    100002   12809    79144    79144    13265    67074    100002   50393    61603    100002   20990    60458    100002   14488    
82105    100002   11738    78810    100002   19269    59288    100002   11928    77660    100002   13843    79284    100002   12327    60821    60821    16053    83180    100002   15595    80407    80407    17415    60868    100002   12377    78343    100002   15054    81995    100002   
8157     72921    72921    33685    60089    60089    26727    63729    100002   14161    80160    100002   16128    84029    92406    14854    82900    82900    26258    60583    60583    32319    58632    58632    14376    79784    100002   8253     72550    72550    45994    65593    
100002   24007    67025    100002   31734    35414    35414    29297    74534    100002   15858    86284    100002   14601    80260    100002   15042    96784    100002   21527    48767    48767    34304    71160    100002   51014    62006    100002   33004    62332    100002   37663    
61141    61141    25276    54165    54165    8441     8344     8344     12364    77895    100002   27924    60246    100002   25754    59224    100002   13802    80881    80881    18723    62887    62887    13265    82665    100002   12545    77008    77008    41712    59373    100002   
13184    79263    100002   13987    80192    100002   14590    82351    100002   15871    81645    100002   12211    78596    100002   13908    81140    100002   14475    81036    100002   14726    80030    100002   13958    81047    100002   15079    81350    100002   13974    80395    
100002   23372    28308    28308    5131     70201    90612    13822    78820    100002   4275     67603    100002   15478    80733    100002   20323    60237    100002   29644    60205    100002   13065    79250    96354    11524    75945    75945    54368    55913    55913    53664    
56382    56382    13797    78733    100002   31407    58550    100002   12959    78905    100002   12976    80027    100002   34047    61642    100002   14368    80650    100002   12904    79049    100002   14884    81575    100002   63376    62084    62084    12316    78387    100002   
34030    63260    63260    19253    60242    60242    23679    60017    100002   13296    81380    100002   10902    78530    100002   12367    78393    84580    31638    56560    100002   21467    59649    84448    14913    84540    100002   13277    81383    81383    41869    60547    
100002   14027    81523    100002   12734    79960    96214    9750     75865    100002   8638     74133    100002   14215    80397    80397    11124    61629    100002   13182    62226    100002   11818    77930    100002   11386    78247    100002   18922    62394    100002   13796    
79658    79658    12925    77060    77060    50256    61345    100002   12927    80552    100002   46823    64869    100002   13134    81458    100002   9259     73857    73857    42138    58919    58919    11707    77626    100002   39096    61142    61142    54138    63240    100002   
