34466    100002   100002   84979    19443    19443    100002   100002   100002   100002   100002   100002   100002   100002   100002   100002   100002   100002   82867    82867    82867    100002   100002   100002   96791    31255    31255    34466    100002   100002   100002   100002   
100002   100002   100002   100002   91228    25692    25692    34466    100002   100002   100002   100002   100002   100002   100002   100002   100002   100002   100002   114353   48817    48817    29675    95211    95211    100002   100002   100002   97880    32344    32344    27196    
27196    27196    34466    100002   100002   100002   100002   100002   100002   100002   100002   100002   100002   100002   98846    33310    33310    100002   100002   100002   100002   100002   100002   100002   100002   100002   100002   100002   100002   100002   100002   100002   
100002   100002   100002   100002   100002   100002   100002   100002   100002   100002   100002   100002   100002   100002   100002   100002   100002   100002   100002   100002   100002   100002   100002   100002   100002   100002   100002   100002   100002   100002   100002   100002   
100002   100002   100002   100002   100002   100002   100002   100002   100002   100002   100002   100002   100002   100002   100002   100002   100002   100002   100002   100002   100002   100002   100002   100002   100002   100002   100002   100002   100002   100002   100002   100002   
100002   100002   100002   100002   100002   100002   100002   100002   100002   100002   100002   100002   100002   100002   67576    67576    67576    100002   100002   100002   100002   100002   100002   100002   100002   100002   100002   100002   100002   100002   100002   100002   
100002   100002   100002   100002   100002   100002   95693    30157    30157    100002   100002   100002   100002   100002   100002   100002   100002   100002   100002   100002   100002   100002   100002   100002   100002   100002   100002   100002   100002   100002   100002   100002   
100002   100002   100002   100002   100002   100002   100002   100002   100002   100002   100002   100002   100002   100002   100002   100002   100002   100002   100002   100002   100002   100002   100002   100002   100002   100002   100002   100002   100002   100002   100002   100002   
100002   100002   110426   44890    44890    34466    100002   100002   100002   100002   100002   128488   62952    62952    46912    46912    46912    34466    100002   100002   103526   37990    37990    50863    50863    50863    90538    90538    90538    100002   100002   100002   
100002   100002   100002   100002   100002   100002   100002   100002   100002   100002   100002   100002   100002   100002   100002   100002   100002   100002   119973   54437    54437    34466    100002   100002   100002   100002   100002   100002   100002   100002   100002   100002   
100002   100002   100002   100002   100002   100002   100002   100002   100002   100002   100002   100002   100002   100002   100002   100002   100002   100002   100002   100002   100002   100002   100002   100002   100002   100002   100002   100002   100002   100002   100002   100002   
100002   100002   100002   100002   100002   100002   100002   100002   100002   100002   100002   100002   100002   100002   97410    97410    97410    100002   100002   100002   100002   100002   100002   100002   100002   100002   100002   100002   100002   100002   100002   100002   
100002   100002   100002   100002   100002   100002   100002   100002   100002   100002   100002   100002   100002   100002   100002   100002   100002   100002   100002   100002   100002   100002   100002   100002   100002   100002   100002   100002   100002   100002   100002   100002   
100002   100002   100002   100002   100002   100002   100002   130810   65274    65274    34466    100002   100002   100002   100002   100002   72144    72144    72144    100002   100002   100002   120622   55086    55086    34466    100002   100002   100002   100002   100002   100002   
100002   100002   91663    26127    26127    59855    59855    59855    34466    100002   100002   96891    31355    31355    19657    19657    19657    23026    23026    23026    34466    100002   100002   100002   100002   100002   100002   100002   100002   93957    28421    28421    
34466    100002   100002   100002   100002   100002   100002   100002   100002   100002   100002   100002   100002   100002   100002   100002   100002   100002   100002   100002   100002   100002   100002   100002   100002   100002   100002   100002   100002   100002   100002   100002   
100002   100002   100002   100002   100002   100002   100002   100002   100002   100002   100002   100002   100002   100002   100002   100002   100002   100002   100002   100002   100002   100002   100002   100002   100002   100002   100002   100002   100002   100002   100002   57309    
57309    57309    34466    100002   100002   100002   100002   100002   100002   100002   100002   100002   100002   100002   50924    50924    50924    100002   100002   100002   100002   100002   100002   100002   100002   100002   100002   100002   100002   100002   100002   100002   
40585    40585    40585    34466    100002   100002   100002   100002   100002   100002   100002   100002   100002   100002   100002   100002   100002   100002   99457    33921    33921    40401    40401    40401    62799    62799    62799    34466    100002   100002   129140   63604    
63604    34466    100002   100002   108678   43142    43142    22402    22402    22402    34466    100002   100002   100002   100002   100002   87721    22185    22185    34466    100002   100002   89222    23686    23686    38472    38472    38472    34466    100002   100002   100002   
100002   100002   100002   100002   100002   100002   100002   100002   100002   100002   100002   100002   100002   100002   100002   100002   100002   100002   100002   100002   100002   100002   100002   100002   100002   100002   100002   100002   100002   100002   100002   100002   
100002   100002   100002   100002   100002   100002   100002   100002   100002   100002   100002   100002   100002   100002   100002   100002   100002   100002   100002   100002   100002   100002   100002   100002   100002   100002   100002   100002   100002   100002   100002   100002   
100002   100002   100002   100002   100002   32771    32771    32771    100002   100002   100002   100002   100002   100002   29940    29940    29940    43502    43502    43502    18206    18206    18206    34466    100002   100002   100002   100002   100002   89496    89496    89496    
100002   100002   100002   100002   100002   100002   15061    15061    15061    34466    100002   100002   100002   100002   100002   100002   100002   100002   73124    7588     7588     39146    39146    39146    34466    100002   100002   86311    20775    20775    14289    14289    
14289    10191    75727    75727    100002   100002   100002   88184    22648    22648    34466    100002   100002   100002   100002   100002   75385    9849     9849     19329    19329    19329    15562    15562    15562    34466    100002   100002   83707    18171    18171    14939    
14939    14939    17684    17684    17684    19390    19390    19390    34466    100002   100002   80505    14969    14969    13741    13741    13741    34466    100002   100002   79650    14114    14114    13842    13842    13842    34466    100002   100002   100002   100002   100002   
100002   100002   100002   100002   100002   100002   100002   100002   100002   100002   100002   100002   100002   100002   100002   100002   100002   100002   100002   100002   100002   81763    16227    16227    34466    100002   100002   100002   100002   100002   100002   100002   
100002   93402    27866    27866    25186    25186    25186    20905    20905    20905    34466    100002   100002   100002   100002   100002   88539    23003    23003    19202    19202    19202    8116     8116     8116     34466    100002   100002   98412    32876    32876    27757    
27757    27757    27865    27865    27865    25015    25015    25015    34466    100002   100002   100002   100002   100002   88164    22628    22628    34466    100002   100002   88850    23314    23314    34466    100002   100002   104681   39145    39145    27863    27863    27863    
51864    51864    51864    7998     7998     7998     44378    44378    44378    34466    100002   100002   100002   100002   100002   100002   100002   100002   74423    8887     8887     21998    21998    21998    34466    100002   100002   99561    34025    34025    31171    31171    
31171    34466    100002   100002   100002   100002   100002   100002   100002   100002   100002   100002   100002   100002   100002   100002   100002   100002   100002   100002   100002   100002   100002   100002   100002   100002   100002   100002   100002   100002   100002   100002   
100002   100002   83989    18453    18453    21683    21683    21683    34466    100002   100002   111250   45714    45714    42840    42840    42840    24327    24327    24327    30511    30511    30511    22085    22085    22085    37459    37459    37459    27502    27502    27502    
54120    54120    54120    34466    100002   100002   100002   100002   100002   100002   100002   100002   100002   100002   100002   100002   100002   100002   100002   100002   100002   100002   100002   100002   100002   100002   100002   100002   100002   100002   100002   100002   
100002   89338    89338    89338    98720    33184    33184    26172    26172    26172    34466    100002   100002   100002   100002   100002   91913    26377    26377    18367    18367    18367    40666    40666    40666    58438    58438    58438    28521    28521    28521    40044    
40044    40044    34466    100002   100002   78605    13069    13069    34466    100002   100002   100002   100002   100002   77629    12093    12093    34466    100002   100002   100002   100002   100002   100002   100002   100002   100002   100002   100002   100002   100002   100002   
85965    85965    85965    114456   48920    48920    59602    59602    59602    34466    100002   100002   100002   100002   100002   100002   100002   100002   88696    23160    23160    63330    63330    63330    34466    100002   100002   113928   48392    48392    46561    46561    
