100002   100002   100002   75803    75803    75803    21761    21761    21761    100002   100002   100002   100002   100002   100002   100002   100002   100002   19541    19541    19541    100002   100002   100002   100002   100002   100002   100002   100002   100002   27009    27009    
27009    100002   100002   100002   100002   100002   100002   100002   100002   100002   100002   100002   100002   100002   100002   100002   100002   100002   100002   100002   100002   100002   18232    18232    18232    100002   100002   100002   100002   100002   100002   100002   
100002   100002   100002   100002   100002   100002   100002   100002   100002   100002   100002   100002   100002   100002   67634    67634    67634    100002   100002   100002   100002   100002   100002   100002   100002   100002   100002   100002   100002   100002   100002   100002   
51118    51118    51118    100002   100002   100002   100002   100002   100002   100002   100002   100002   100002   100002   100002   100002   100002   100002   100002   100002   100002   100002   100002   100002   100002   100002   100002   100002   100002   100002   100002   100002   
100002   100002   100002   100002   100002   100002   100002   100002   100002   100002   100002   100002   100002   100002   100002   100002   100002   100002   100002   100002   100002   100002   100002   100002   100002   100002   100002   100002   100002   100002   100002   100002   
100002   100002   100002   100002   100002   25714    25714    25714    100002   100002   100002   100002   100002   100002   21202    21202    21202    100002   100002   100002   100002   100002   100002   100002   100002   100002   100002   100002   100002   100002   100002   100002   
100002   100002   100002   100002   100002   100002   28422    28422    28422    100002   100002   100002   100002   100002   100002   100002   100002   100002   100002   100002   100002   100002   100002   100002   100002   100002   100002   100002   100002   100002   100002   100002   
100002   100002   100002   100002   100002   100002   100002   100002   100002   100002   100002   100002   100002   100002   100002   100002   100002   100002   100002   100002   100002   100002   100002   100002   100002   100002   100002   100002   100002   100002   100002   100002   
100002   100002   100002   100002   100002   100002   100002   100002   100002   100002   100002   63425    63425    63425    100002   100002   100002   59786    59786    59786    97252    97252    97252    76873    76873    76873    96122    96122    96122    62350    62350    62350    
66280    66280    66280    100002   100002   100002   100002   100002   100002   100002   100002   100002   100002   100002   100002   100002   100002   100002   71954    71954    71954    100002   100002   100002   100002   100002   100002   100002   100002   100002   100002   100002   
100002   100002   100002   100002   100002   100002   100002   100002   100002   100002   100002   100002   100002   100002   100002   100002   100002   100002   100002   100002   100002   100002   100002   100002   100002   100002   100002   100002   100002   100002   100002   100002   
100002   100002   100002   100002   100002   100002   100002   100002   100002   100002   100002   100002   100002   100002   21418    21418    21418    100002   100002   100002   100002   100002   100002   100002   100002   100002   100002   100002   100002   100002   100002   100002   
100002   100002   100002   100002   100002   100002   100002   100002   100002   100002   100002   100002   100002   100002   100002   100002   100002   100002   100002   100002   100002   100002   100002   100002   100002   100002   100002   100002   100002   100002   100002   100002   
100002   100002   100002   100002   100002   100002   100002   22139    22139    22139    100002   100002   100002   100002   100002   100002   22780    22780    22780    100002   100002   100002   99293    99293    99293    100002   100002   100002   100002   100002   100002   100002   
100002   100002   100002   100002   100002   99862    99862    99862    100002   100002   100002   59130    59130    59130    100002   100002   100002   100002   100002   100002   24970    24970    24970    25775    25775    25775    100002   100002   100002   100002   100002   100002   
100002   100002   100002   100002   100002   100002   100002   100002   100002   100002   100002   100002   100002   100002   100002   100002   100002   100002   100002   100002   100002   100002   100002   100002   100002   100002   100002   100002   100002   100002   100002   100002   
100002   29855    29855    29855    100002   100002   100002   26176    26176    26176    100002   100002   100002   100002   100002   100002   100002   100002   100002   100002   100002   100002   100002   100002   100002   100002   100002   100002   100002   100002   100002   100002   
100002   100002   100002   100002   100002   100002   100002   100002   100002   100002   100002   100002   100002   100002   100002   100002   100002   100002   100002   100002   100002   100002   100002   100002   100002   100002   100002   100002   100002   100002   100002   100002   
39258    39258    39258    100002   100002   100002   100002   100002   100002   100002   100002   100002   100002   100002   100002   100002   100002   100002   40053    40053    40053    100002   100002   100002   34321    34321    34321    100002   100002   100002   72470    72470    
72470    100002   100002   100002   36919    36919    36919    66049    66049    66049    100002   100002   100002   100002   100002   100002   93317    93317    93317    100002   100002   100002   100002   100002   100002   44817    44817    44817    100002   100002   100002   71072    
71072    71072    100002   100002   100002   23572    23572    23572    100002   100002   100002   100002   100002   100002   100002   100002   100002   100002   100002   100002   100002   100002   100002   100002   100002   100002   100002   100002   100002   100002   100002   100002   
100002   100002   100002   100002   100002   100002   100002   100002   100002   100002   100002   100002   100002   100002   100002   100002   100002   100002   100002   100002   100002   100002   100002   100002   100002   100002   100002   100002   100002   100002   100002   100002   
100002   100002   100002   100002   55984    55984    55984    100002   100002   100002   100002   100002   100002   100002   100002   100002   31908    31908    31908    36901    36901    36901    100002   100002   100002   100002   100002   100002   100002   100002   100002   24238    
24238    24238    100002   100002   100002   46608    46608    46608    100002   100002   100002   7546     7546     7546     39812    39812    39812    7198     7198     7198     27078    27078    27078    49614    49614    49614    100002   100002   100002   14223    14223    14223    
 100002   100002   100002   100002   65953    44948    44948    44948    100002   100002   100002   100002   100002   100002   100002   100002   100002   100002   100002   100002   100002   14640    14640    14640    100002   100002   100002   37519    37519    37519    15028    15028    
15028    100002   100002   100002   16004    16004    16004    100002   100002   100002   100002   100002   100002   100002   100002   100002   100002   100002   100002   100002   100002   100002   13265    13265    13265    50393    50393    50393    20990    20990    20990    100002   
100002   100002   100002   100002   100002   19269    19269    19269    100002   100002   100002   100002   100002   100002   12327    12327    12327    100002   100002   100002   100002   100002   100002   17415    17415    17415    100002   100002   100002   100002   100002   100002   
73693    73693    73693    33685    33685    33685    26727    26727    26727    100002   100002   100002   100002   100002   100002   100002   100002   100002   26258    26258    26258    32319    32319    32319    100002   100002   100002   73789    73789    73789    45994    45994    
45994    24007    24007    24007    31734    31734    31734    29297    29297    29297    100002   100002   100002   100002   100002   100002   100002   100002   100002   21527    21527    21527    34545    34545    34545    51014    51014    51014    33004    33004    33004    37663    
37663    37663    25276    25276    25276    8441     8441     8441     100002   100002   100002   27924    27924    27924    25754    25754    25754    100002   100002   100002   18723    18723    18723    100002   100002   100002   78081    78081    78081    41712    41712    41712    
100002   100002   100002   100002   100002   100002   100002   100002   100002   100002   100002   100002   100002   100002   100002   100002   100002   100002   100002   100002   100002   100002   100002   100002   100002   100002   100002   100002   100002   100002   100002   100002   
100002   23372    23372    23372    100002   100002   100002   100002   100002   100002   100002   100002   100002   100002   100002   100002   20323    20323    20323    29644    29644    29644    100002   100002   100002   77060    77060    77060    54368    54368    54368    53664    
53664    53664    100002   100002   100002   31407    31407    31407    100002   100002   100002   100002   100002   100002   34047    34047    34047    100002   100002   100002   100002   100002   100002   100002   100002   100002   63376    63376    63376    100002   100002   100002   
34030    34030    34030    19253    19253    19253    23679    23679    23679    100002   100002   100002   100002   100002   100002   100002   100002   100002   31638    31638    31638    21467    21467    21467    100002   100002   100002   82397    82397    82397    41869    41869    
41869    100002   100002   100002   100002   100002   100002   100002   100002   100002   100002   100002   100002   100002   100002   100002   11124    11124    11124    13182    13182    13182    100002   100002   100002   100002   100002   100002   18922    18922    18922    100002   
100002   100002   78461    78461    78461    50256    50256    50256    100002   100002   100002   46823    46823    46823    100002   100002   100002   74795    74795    74795    42138    42138    42138    78779    78779    78779    39096    39096    39096    54138    54138    54138    
